EW0WENNW0NEWENN00NSESE00SEE0ESSN	0.00130944	678.893	3.19299	81.599	2134.1
EW0WENNW0NEWENN00NSESE00SEE0ESSN	0.00148902	420.187	10.1089	241.288	2496.6
EW0WENNW0NEWENN00NSESE00SEE0ESSN	0.00151014	589.63	4.7971	67.7637	4330.8
EW0WENNW0NEWENN00NSESE00SEE0ESSN	0.00172374	529.173	2.78656	48.1748	4465.5
EW0WENNW0NEWENN00NSESE00SEE0ESSN	0.00181139	478.703	7.40183	65.9578	4084.3
EW0WENNW0NEWENN00NSESE00SEE0ESSN	0.0014662	593.75	18.1466	70.138	4785.6
EW0WENNW0NEWENN00NSESE00SEE0ESSN	0.00116826	762.601	12.9177	80.4577	712.9
EW0WENNW0NEWENN00NSESE00SEE0ESSN	0.00118781	781.643	5.21156	55.0319	2046.4
EW0WENNW0NEWENN00NSESE00SEE0ESSN	0.00130601	671.268	7.37214	87.0505	1757.4
EW0WENNW0NEWENN00NSESE00SEE0ESSN	0.0012484	746.4	2.14252	52.4823	1717.3
EW0WENNW0NEWENN00NSESE00SEE0ESSN	0.00136241	664.416	4.2969	65.2827	3491.7
WW0WWNNESN0ES00E0ESESE00SE0WWW00	0.00129878	662.135	4.64693	103.173	1969.4
W00WENNW0S00EN000ESESE00S0N0WSWS	0.00252082	235.463	8.28451	152.948	3041.8
W0WWWNNWS0EWE0W000SESE00SE0WWS00	0.00125473	319.712	20.5222	456.75	2400.2
0ENEWENEW0W0WENE0ENE00N0W0WNW000	0.00129245	663.164	2.57862	107.983	1951.7
0ENESENEWENWSSNE00NES00W0WE0WNNS	0.00125121	485.445	8.63135	305.152	2654.83
0ENESENEWENWSSNE00NES00W0WE0WNNS	0.00160993	519.878	0.60743	100.659	2394.67
0ENESENEWENWSSNE00NES00W0WE0WNNS	0.00165962	528.931	0.410152	73.205	931
0ENESENEWENWSSNE00NES00W0WE0WNNS	0.00177922	465.732	1.36847	94.9434	10705.9
SWWWSNSEWE0WSSN00N0ES00W0WESSNSE	0.00198654	455.547	0.384458	47.4566	7311.33
SWWWSNSEWE0WSSN00N0ES00W0WESSNSE	0.00202786	437.674	5.63928	49.8181	39212.8
SWWWSNSEWE0WSSNE00NES00W0WESSNSE	0.00206304	439.21	2.32384	43.1885	18955.2
EWWWSENEWENE0WNE00NES00W0WE0WNSE	0.00159275	451.189	28.9068	147.751	2969.75
EWWWSENEWENE0WNE00NES00W0WE0WNSE	0.00159662	433.406	2.19376	190.723	5022.75
